1.200000000000000000e+01
1.300000000000000000e+01
1.400000000000000000e+01
3.300000000000000000e+01
3.500000000000000000e+01
3.900000000000000000e+01
4.200000000000000000e+01
4.700000000000000000e+01
5.100000000000000000e+01
5.500000000000000000e+01
5.600000000000000000e+01
5.700000000000000000e+01
6.000000000000000000e+01
6.300000000000000000e+01
6.500000000000000000e+01
7.300000000000000000e+01
7.400000000000000000e+01
7.500000000000000000e+01
8.100000000000000000e+01
8.400000000000000000e+01
8.500000000000000000e+01
8.700000000000000000e+01
8.800000000000000000e+01
9.400000000000000000e+01
1.000000000000000000e+02
1.010000000000000000e+02
1.020000000000000000e+02
1.050000000000000000e+02
1.060000000000000000e+02
1.140000000000000000e+02
1.300000000000000000e+02
1.470000000000000000e+02
1.480000000000000000e+02
1.490000000000000000e+02
1.500000000000000000e+02
1.510000000000000000e+02
1.700000000000000000e+02
1.740000000000000000e+02
1.790000000000000000e+02
1.810000000000000000e+02
1.820000000000000000e+02
1.830000000000000000e+02
1.840000000000000000e+02
1.860000000000000000e+02
1.900000000000000000e+02
1.930000000000000000e+02
1.950000000000000000e+02
1.960000000000000000e+02
1.970000000000000000e+02
1.980000000000000000e+02
1.990000000000000000e+02
2.020000000000000000e+02
2.080000000000000000e+02
2.100000000000000000e+02
2.200000000000000000e+02
2.210000000000000000e+02
2.220000000000000000e+02
2.230000000000000000e+02
2.310000000000000000e+02
2.350000000000000000e+02
2.430000000000000000e+02
2.440000000000000000e+02
2.450000000000000000e+02
2.460000000000000000e+02
2.500000000000000000e+02
2.520000000000000000e+02
2.550000000000000000e+02
2.560000000000000000e+02
2.570000000000000000e+02
2.590000000000000000e+02
2.610000000000000000e+02
2.650000000000000000e+02
2.660000000000000000e+02
2.700000000000000000e+02
2.760000000000000000e+02
2.790000000000000000e+02
2.840000000000000000e+02
2.930000000000000000e+02
2.950000000000000000e+02
3.000000000000000000e+02
3.010000000000000000e+02
3.070000000000000000e+02
3.150000000000000000e+02
3.160000000000000000e+02
3.190000000000000000e+02
3.220000000000000000e+02
3.240000000000000000e+02
3.290000000000000000e+02
3.350000000000000000e+02
3.370000000000000000e+02
3.430000000000000000e+02
3.500000000000000000e+02
3.520000000000000000e+02
3.590000000000000000e+02
3.630000000000000000e+02
3.640000000000000000e+02
3.710000000000000000e+02
3.730000000000000000e+02
3.750000000000000000e+02
3.870000000000000000e+02
3.880000000000000000e+02
3.890000000000000000e+02
3.980000000000000000e+02
3.990000000000000000e+02
4.000000000000000000e+02
4.010000000000000000e+02
4.020000000000000000e+02
4.030000000000000000e+02
4.060000000000000000e+02
4.080000000000000000e+02
4.100000000000000000e+02
4.120000000000000000e+02
4.140000000000000000e+02
4.250000000000000000e+02
4.270000000000000000e+02
4.290000000000000000e+02
4.320000000000000000e+02
4.330000000000000000e+02
4.370000000000000000e+02
4.390000000000000000e+02
4.540000000000000000e+02
4.590000000000000000e+02
4.680000000000000000e+02
4.820000000000000000e+02
4.840000000000000000e+02
4.900000000000000000e+02
4.930000000000000000e+02
4.940000000000000000e+02
4.980000000000000000e+02
5.010000000000000000e+02
5.020000000000000000e+02
5.040000000000000000e+02
5.050000000000000000e+02
5.070000000000000000e+02
5.080000000000000000e+02
5.090000000000000000e+02
5.130000000000000000e+02
5.170000000000000000e+02
5.190000000000000000e+02
5.300000000000000000e+02
5.370000000000000000e+02
5.430000000000000000e+02
5.460000000000000000e+02
5.510000000000000000e+02
5.530000000000000000e+02
5.590000000000000000e+02
5.600000000000000000e+02
5.650000000000000000e+02
5.670000000000000000e+02
5.700000000000000000e+02
5.710000000000000000e+02
5.720000000000000000e+02
5.750000000000000000e+02
5.770000000000000000e+02
5.840000000000000000e+02
5.860000000000000000e+02
5.890000000000000000e+02
5.940000000000000000e+02
6.020000000000000000e+02
6.100000000000000000e+02
6.140000000000000000e+02
6.250000000000000000e+02
6.320000000000000000e+02
6.370000000000000000e+02
6.390000000000000000e+02
6.410000000000000000e+02
6.430000000000000000e+02
6.490000000000000000e+02
6.550000000000000000e+02
6.560000000000000000e+02
6.650000000000000000e+02
6.690000000000000000e+02
6.700000000000000000e+02
6.780000000000000000e+02
6.830000000000000000e+02
6.840000000000000000e+02
6.910000000000000000e+02
6.990000000000000000e+02
7.000000000000000000e+02
7.020000000000000000e+02
7.030000000000000000e+02
7.060000000000000000e+02
7.080000000000000000e+02
7.130000000000000000e+02
7.140000000000000000e+02
7.170000000000000000e+02
7.230000000000000000e+02
7.260000000000000000e+02
7.270000000000000000e+02
7.360000000000000000e+02
7.390000000000000000e+02
7.400000000000000000e+02
7.450000000000000000e+02
7.500000000000000000e+02
7.510000000000000000e+02
7.530000000000000000e+02
7.570000000000000000e+02
7.630000000000000000e+02
7.660000000000000000e+02
7.670000000000000000e+02
7.780000000000000000e+02
7.790000000000000000e+02
7.800000000000000000e+02
7.850000000000000000e+02
7.960000000000000000e+02
7.990000000000000000e+02
8.010000000000000000e+02
8.030000000000000000e+02
8.110000000000000000e+02
8.140000000000000000e+02
8.150000000000000000e+02
8.170000000000000000e+02
8.190000000000000000e+02
8.300000000000000000e+02
8.330000000000000000e+02
8.350000000000000000e+02
8.470000000000000000e+02
8.480000000000000000e+02
8.500000000000000000e+02
8.510000000000000000e+02
8.530000000000000000e+02
8.550000000000000000e+02
8.620000000000000000e+02
8.640000000000000000e+02
8.660000000000000000e+02
8.760000000000000000e+02
8.780000000000000000e+02
8.800000000000000000e+02
8.820000000000000000e+02
8.910000000000000000e+02
8.930000000000000000e+02
8.950000000000000000e+02
8.960000000000000000e+02
8.990000000000000000e+02
9.010000000000000000e+02
9.050000000000000000e+02
9.060000000000000000e+02
9.110000000000000000e+02
9.150000000000000000e+02
9.160000000000000000e+02
9.220000000000000000e+02
9.230000000000000000e+02
9.260000000000000000e+02
9.290000000000000000e+02
9.380000000000000000e+02
9.430000000000000000e+02
9.440000000000000000e+02
9.490000000000000000e+02
9.520000000000000000e+02
9.540000000000000000e+02
9.630000000000000000e+02
9.640000000000000000e+02
9.790000000000000000e+02
9.820000000000000000e+02
9.840000000000000000e+02
9.960000000000000000e+02
1.001000000000000000e+03
1.003000000000000000e+03
1.006000000000000000e+03
1.007000000000000000e+03
1.015000000000000000e+03
1.022000000000000000e+03
1.025000000000000000e+03
1.032000000000000000e+03
1.037000000000000000e+03
1.041000000000000000e+03
1.044000000000000000e+03
1.049000000000000000e+03
1.050000000000000000e+03
1.063000000000000000e+03
1.065000000000000000e+03
1.068000000000000000e+03
1.069000000000000000e+03
1.073000000000000000e+03
1.075000000000000000e+03
1.080000000000000000e+03
1.081000000000000000e+03
1.082000000000000000e+03
1.090000000000000000e+03
1.091000000000000000e+03
1.093000000000000000e+03
1.098000000000000000e+03
1.102000000000000000e+03
1.105000000000000000e+03
1.106000000000000000e+03
1.109000000000000000e+03
1.111000000000000000e+03
1.117000000000000000e+03
1.118000000000000000e+03
1.119000000000000000e+03
1.127000000000000000e+03
1.131000000000000000e+03
1.133000000000000000e+03
1.147000000000000000e+03
1.150000000000000000e+03
1.152000000000000000e+03
1.154000000000000000e+03
1.155000000000000000e+03
1.157000000000000000e+03
1.159000000000000000e+03
1.161000000000000000e+03
1.163000000000000000e+03
1.166000000000000000e+03
1.168000000000000000e+03
1.173000000000000000e+03
1.179000000000000000e+03
1.181000000000000000e+03
1.183000000000000000e+03
1.184000000000000000e+03
1.190000000000000000e+03
1.192000000000000000e+03
1.194000000000000000e+03
1.197000000000000000e+03
1.200000000000000000e+03
1.201000000000000000e+03
1.202000000000000000e+03
1.207000000000000000e+03
1.215000000000000000e+03
1.217000000000000000e+03
1.220000000000000000e+03
1.222000000000000000e+03
1.223000000000000000e+03
1.226000000000000000e+03
1.229000000000000000e+03
1.230000000000000000e+03
1.231000000000000000e+03
1.232000000000000000e+03
1.242000000000000000e+03
1.245000000000000000e+03
1.248000000000000000e+03
1.252000000000000000e+03
1.259000000000000000e+03
1.263000000000000000e+03
1.270000000000000000e+03
1.274000000000000000e+03
1.281000000000000000e+03
1.287000000000000000e+03
1.294000000000000000e+03
1.298000000000000000e+03
1.304000000000000000e+03
1.311000000000000000e+03
1.312000000000000000e+03
1.316000000000000000e+03
1.318000000000000000e+03
1.319000000000000000e+03
1.321000000000000000e+03
1.326000000000000000e+03
1.334000000000000000e+03
1.337000000000000000e+03
1.338000000000000000e+03
1.354000000000000000e+03
1.355000000000000000e+03
1.360000000000000000e+03
1.361000000000000000e+03
1.366000000000000000e+03
1.368000000000000000e+03
1.382000000000000000e+03
1.397000000000000000e+03
1.399000000000000000e+03
1.400000000000000000e+03
1.402000000000000000e+03
1.413000000000000000e+03
1.415000000000000000e+03
1.417000000000000000e+03
1.434000000000000000e+03
1.435000000000000000e+03
1.438000000000000000e+03
1.439000000000000000e+03
1.444000000000000000e+03
1.446000000000000000e+03
1.451000000000000000e+03
1.452000000000000000e+03
1.455000000000000000e+03
1.456000000000000000e+03
1.459000000000000000e+03
1.461000000000000000e+03
1.466000000000000000e+03
1.473000000000000000e+03
1.492000000000000000e+03
1.493000000000000000e+03
1.494000000000000000e+03
1.495000000000000000e+03
1.502000000000000000e+03
1.504000000000000000e+03
1.510000000000000000e+03
1.511000000000000000e+03
1.513000000000000000e+03
1.518000000000000000e+03
1.524000000000000000e+03
1.536000000000000000e+03
1.546000000000000000e+03
1.549000000000000000e+03
1.550000000000000000e+03
1.553000000000000000e+03
1.554000000000000000e+03
1.559000000000000000e+03
1.566000000000000000e+03
1.573000000000000000e+03
1.580000000000000000e+03
1.583000000000000000e+03
1.585000000000000000e+03
1.586000000000000000e+03
1.594000000000000000e+03
1.595000000000000000e+03
1.596000000000000000e+03
1.601000000000000000e+03
1.608000000000000000e+03
1.622000000000000000e+03
1.623000000000000000e+03
1.628000000000000000e+03
1.629000000000000000e+03
1.630000000000000000e+03
1.632000000000000000e+03
1.633000000000000000e+03
1.634000000000000000e+03
1.636000000000000000e+03
1.637000000000000000e+03
1.640000000000000000e+03
1.641000000000000000e+03
1.644000000000000000e+03
1.653000000000000000e+03
1.656000000000000000e+03
1.657000000000000000e+03
1.659000000000000000e+03
1.660000000000000000e+03
1.665000000000000000e+03
1.667000000000000000e+03
1.672000000000000000e+03
1.673000000000000000e+03
1.676000000000000000e+03
1.677000000000000000e+03
1.678000000000000000e+03
1.682000000000000000e+03
1.690000000000000000e+03
1.694000000000000000e+03
1.698000000000000000e+03
1.699000000000000000e+03
1.701000000000000000e+03
1.702000000000000000e+03
1.710000000000000000e+03
1.711000000000000000e+03
1.716000000000000000e+03
1.720000000000000000e+03
1.731000000000000000e+03
1.734000000000000000e+03
1.740000000000000000e+03
1.743000000000000000e+03
1.745000000000000000e+03
1.747000000000000000e+03
1.754000000000000000e+03
1.755000000000000000e+03
1.758000000000000000e+03
1.759000000000000000e+03
1.763000000000000000e+03
1.771000000000000000e+03
1.772000000000000000e+03
1.778000000000000000e+03
1.780000000000000000e+03
1.781000000000000000e+03
1.804000000000000000e+03
1.808000000000000000e+03
1.809000000000000000e+03
1.811000000000000000e+03
1.814000000000000000e+03
1.818000000000000000e+03
1.824000000000000000e+03
1.826000000000000000e+03
1.827000000000000000e+03
1.836000000000000000e+03
1.837000000000000000e+03
1.846000000000000000e+03
1.847000000000000000e+03
1.850000000000000000e+03
1.852000000000000000e+03
1.854000000000000000e+03
1.855000000000000000e+03
1.856000000000000000e+03
1.857000000000000000e+03
1.859000000000000000e+03
1.864000000000000000e+03
1.873000000000000000e+03
1.875000000000000000e+03
1.885000000000000000e+03
1.886000000000000000e+03
1.898000000000000000e+03
1.899000000000000000e+03
1.905000000000000000e+03
1.910000000000000000e+03
1.916000000000000000e+03
1.918000000000000000e+03
1.920000000000000000e+03
1.921000000000000000e+03
1.922000000000000000e+03
1.923000000000000000e+03
1.927000000000000000e+03
1.930000000000000000e+03
1.938000000000000000e+03
1.941000000000000000e+03
1.943000000000000000e+03
1.944000000000000000e+03
1.949000000000000000e+03
1.952000000000000000e+03
1.959000000000000000e+03
1.960000000000000000e+03
1.964000000000000000e+03
1.971000000000000000e+03
1.973000000000000000e+03
1.978000000000000000e+03
1.981000000000000000e+03
1.988000000000000000e+03
1.989000000000000000e+03
1.997000000000000000e+03
2.001000000000000000e+03
2.004000000000000000e+03
2.006000000000000000e+03
2.007000000000000000e+03
2.016000000000000000e+03
2.018000000000000000e+03
2.019000000000000000e+03
2.024000000000000000e+03
2.025000000000000000e+03
2.030000000000000000e+03
2.032000000000000000e+03
2.035000000000000000e+03
2.037000000000000000e+03
2.049000000000000000e+03
2.050000000000000000e+03
2.062000000000000000e+03
2.067000000000000000e+03
2.068000000000000000e+03
2.070000000000000000e+03
2.072000000000000000e+03
2.079000000000000000e+03
2.081000000000000000e+03
2.083000000000000000e+03
2.092000000000000000e+03
2.096000000000000000e+03
2.100000000000000000e+03
2.101000000000000000e+03
2.105000000000000000e+03
2.108000000000000000e+03
2.113000000000000000e+03
2.130000000000000000e+03
2.131000000000000000e+03
2.138000000000000000e+03
2.139000000000000000e+03
2.140000000000000000e+03
2.162000000000000000e+03
2.163000000000000000e+03
2.164000000000000000e+03
2.167000000000000000e+03
2.168000000000000000e+03
2.172000000000000000e+03
2.174000000000000000e+03
2.178000000000000000e+03
2.183000000000000000e+03
2.193000000000000000e+03
2.200000000000000000e+03
2.205000000000000000e+03
2.207000000000000000e+03
2.208000000000000000e+03
2.211000000000000000e+03
2.212000000000000000e+03
2.217000000000000000e+03
2.219000000000000000e+03
2.220000000000000000e+03
2.222000000000000000e+03
2.223000000000000000e+03
2.227000000000000000e+03
2.228000000000000000e+03
2.233000000000000000e+03
2.237000000000000000e+03
2.245000000000000000e+03
2.248000000000000000e+03
2.260000000000000000e+03
2.262000000000000000e+03
2.265000000000000000e+03
2.266000000000000000e+03
2.268000000000000000e+03
2.270000000000000000e+03
2.279000000000000000e+03
2.286000000000000000e+03
2.292000000000000000e+03
2.296000000000000000e+03
2.305000000000000000e+03
2.307000000000000000e+03
2.309000000000000000e+03
2.314000000000000000e+03
2.316000000000000000e+03
2.323000000000000000e+03
2.328000000000000000e+03
2.331000000000000000e+03
2.349000000000000000e+03
2.351000000000000000e+03
2.355000000000000000e+03
2.361000000000000000e+03
2.363000000000000000e+03
2.365000000000000000e+03
2.366000000000000000e+03
2.369000000000000000e+03
2.372000000000000000e+03
2.379000000000000000e+03
2.381000000000000000e+03
2.382000000000000000e+03
2.388000000000000000e+03
2.390000000000000000e+03
2.399000000000000000e+03
2.400000000000000000e+03
2.405000000000000000e+03
2.411000000000000000e+03
2.415000000000000000e+03
2.416000000000000000e+03
2.418000000000000000e+03
2.419000000000000000e+03
2.430000000000000000e+03
2.432000000000000000e+03
2.440000000000000000e+03
2.441000000000000000e+03
2.442000000000000000e+03
2.444000000000000000e+03
2.447000000000000000e+03
2.450000000000000000e+03
2.451000000000000000e+03
2.456000000000000000e+03
2.462000000000000000e+03
2.463000000000000000e+03
2.468000000000000000e+03
2.474000000000000000e+03
2.481000000000000000e+03
2.485000000000000000e+03
2.491000000000000000e+03
2.496000000000000000e+03
2.498000000000000000e+03
2.501000000000000000e+03
2.507000000000000000e+03
2.508000000000000000e+03
2.513000000000000000e+03
2.514000000000000000e+03
2.516000000000000000e+03
2.518000000000000000e+03
2.519000000000000000e+03
2.520000000000000000e+03
2.523000000000000000e+03
2.526000000000000000e+03
2.529000000000000000e+03
2.536000000000000000e+03
2.540000000000000000e+03
2.542000000000000000e+03
2.547000000000000000e+03
2.554000000000000000e+03
2.570000000000000000e+03
2.572000000000000000e+03
2.573000000000000000e+03
2.575000000000000000e+03
2.582000000000000000e+03
2.583000000000000000e+03
2.590000000000000000e+03
2.596000000000000000e+03
2.597000000000000000e+03
2.598000000000000000e+03
2.599000000000000000e+03
2.608000000000000000e+03
2.620000000000000000e+03
2.629000000000000000e+03
2.633000000000000000e+03
2.634000000000000000e+03
2.635000000000000000e+03
2.640000000000000000e+03
2.643000000000000000e+03
2.644000000000000000e+03
2.649000000000000000e+03
2.650000000000000000e+03
2.651000000000000000e+03
2.652000000000000000e+03
2.654000000000000000e+03
2.656000000000000000e+03
2.657000000000000000e+03
2.658000000000000000e+03
2.661000000000000000e+03
2.662000000000000000e+03
2.666000000000000000e+03
2.668000000000000000e+03
2.673000000000000000e+03
2.676000000000000000e+03
2.688000000000000000e+03
2.692000000000000000e+03
2.694000000000000000e+03
2.703000000000000000e+03
2.706000000000000000e+03
2.712000000000000000e+03
2.713000000000000000e+03
2.717000000000000000e+03
2.725000000000000000e+03
2.726000000000000000e+03
2.727000000000000000e+03
2.729000000000000000e+03
2.730000000000000000e+03
2.733000000000000000e+03
2.735000000000000000e+03
2.738000000000000000e+03
2.741000000000000000e+03
2.745000000000000000e+03
2.746000000000000000e+03
2.747000000000000000e+03
2.748000000000000000e+03
2.763000000000000000e+03
2.764000000000000000e+03
2.771000000000000000e+03
2.775000000000000000e+03
2.785000000000000000e+03
2.789000000000000000e+03
2.790000000000000000e+03
2.797000000000000000e+03
2.800000000000000000e+03
2.803000000000000000e+03
2.805000000000000000e+03
2.807000000000000000e+03
2.812000000000000000e+03
2.814000000000000000e+03
2.825000000000000000e+03
2.828000000000000000e+03
2.829000000000000000e+03
2.844000000000000000e+03
2.845000000000000000e+03
2.852000000000000000e+03
2.854000000000000000e+03
2.856000000000000000e+03
2.859000000000000000e+03
2.863000000000000000e+03
2.864000000000000000e+03
2.866000000000000000e+03
2.868000000000000000e+03
2.872000000000000000e+03
2.873000000000000000e+03
2.874000000000000000e+03
2.875000000000000000e+03
2.885000000000000000e+03
2.896000000000000000e+03
2.904000000000000000e+03
2.923000000000000000e+03
2.926000000000000000e+03
2.931000000000000000e+03
2.934000000000000000e+03
2.936000000000000000e+03
2.937000000000000000e+03
2.938000000000000000e+03
2.939000000000000000e+03
2.945000000000000000e+03
2.954000000000000000e+03
2.955000000000000000e+03
2.964000000000000000e+03
2.967000000000000000e+03
2.969000000000000000e+03
2.971000000000000000e+03
2.972000000000000000e+03
2.973000000000000000e+03
2.975000000000000000e+03
2.976000000000000000e+03
2.979000000000000000e+03
2.983000000000000000e+03
2.994000000000000000e+03
2.998000000000000000e+03
3.005000000000000000e+03
3.006000000000000000e+03
3.011000000000000000e+03
3.023000000000000000e+03
3.026000000000000000e+03
3.027000000000000000e+03
3.032000000000000000e+03
3.036000000000000000e+03
3.042000000000000000e+03
3.044000000000000000e+03
3.046000000000000000e+03
3.051000000000000000e+03
3.053000000000000000e+03
3.063000000000000000e+03
3.065000000000000000e+03
3.067000000000000000e+03
3.070000000000000000e+03
3.072000000000000000e+03
3.074000000000000000e+03
3.081000000000000000e+03
3.082000000000000000e+03
3.083000000000000000e+03
3.088000000000000000e+03
3.089000000000000000e+03
3.091000000000000000e+03
3.095000000000000000e+03
3.097000000000000000e+03
3.100000000000000000e+03
3.102000000000000000e+03
3.110000000000000000e+03
3.117000000000000000e+03
3.122000000000000000e+03
3.123000000000000000e+03
3.124000000000000000e+03
3.134000000000000000e+03
3.135000000000000000e+03
3.137000000000000000e+03
3.138000000000000000e+03
3.139000000000000000e+03
3.153000000000000000e+03
3.154000000000000000e+03
3.155000000000000000e+03
3.156000000000000000e+03
3.161000000000000000e+03
3.163000000000000000e+03
3.175000000000000000e+03
3.182000000000000000e+03
3.184000000000000000e+03
3.190000000000000000e+03
3.192000000000000000e+03
3.201000000000000000e+03
3.202000000000000000e+03
3.205000000000000000e+03
3.211000000000000000e+03
3.215000000000000000e+03
3.217000000000000000e+03
3.218000000000000000e+03
3.220000000000000000e+03
3.222000000000000000e+03
3.223000000000000000e+03
3.224000000000000000e+03
3.226000000000000000e+03
3.227000000000000000e+03
3.235000000000000000e+03
3.250000000000000000e+03
3.254000000000000000e+03
3.262000000000000000e+03
3.265000000000000000e+03
3.269000000000000000e+03
3.271000000000000000e+03
3.272000000000000000e+03
3.274000000000000000e+03
3.279000000000000000e+03
3.280000000000000000e+03
3.288000000000000000e+03
3.292000000000000000e+03
3.294000000000000000e+03
3.297000000000000000e+03
3.301000000000000000e+03
3.302000000000000000e+03
3.303000000000000000e+03
3.304000000000000000e+03
3.307000000000000000e+03
3.308000000000000000e+03
3.313000000000000000e+03
3.316000000000000000e+03
3.317000000000000000e+03
3.321000000000000000e+03
3.333000000000000000e+03
3.336000000000000000e+03
3.339000000000000000e+03
3.343000000000000000e+03
3.345000000000000000e+03
3.352000000000000000e+03
3.353000000000000000e+03
3.363000000000000000e+03
3.369000000000000000e+03
3.374000000000000000e+03
3.376000000000000000e+03
3.379000000000000000e+03
3.381000000000000000e+03
3.383000000000000000e+03
3.386000000000000000e+03
3.387000000000000000e+03
3.388000000000000000e+03
3.391000000000000000e+03
3.395000000000000000e+03
3.398000000000000000e+03
3.401000000000000000e+03
3.404000000000000000e+03
3.405000000000000000e+03
3.406000000000000000e+03
3.407000000000000000e+03
3.416000000000000000e+03
3.417000000000000000e+03
3.423000000000000000e+03
3.435000000000000000e+03
3.440000000000000000e+03
3.442000000000000000e+03
3.443000000000000000e+03
3.448000000000000000e+03
3.453000000000000000e+03
3.457000000000000000e+03
3.460000000000000000e+03
3.466000000000000000e+03
3.467000000000000000e+03
3.468000000000000000e+03
3.470000000000000000e+03
3.471000000000000000e+03
3.475000000000000000e+03
3.478000000000000000e+03
3.482000000000000000e+03
3.483000000000000000e+03
3.486000000000000000e+03
3.491000000000000000e+03
3.492000000000000000e+03
3.502000000000000000e+03
3.504000000000000000e+03
3.516000000000000000e+03
3.517000000000000000e+03
3.518000000000000000e+03
3.522000000000000000e+03
3.524000000000000000e+03
3.528000000000000000e+03
3.530000000000000000e+03
3.532000000000000000e+03
3.538000000000000000e+03
3.540000000000000000e+03
3.542000000000000000e+03
3.543000000000000000e+03
3.558000000000000000e+03
3.561000000000000000e+03
3.567000000000000000e+03
3.570000000000000000e+03
3.572000000000000000e+03
3.573000000000000000e+03
3.591000000000000000e+03
3.592000000000000000e+03
3.597000000000000000e+03
3.607000000000000000e+03
3.608000000000000000e+03
3.610000000000000000e+03
3.611000000000000000e+03
3.616000000000000000e+03
3.625000000000000000e+03
3.627000000000000000e+03
3.636000000000000000e+03
3.637000000000000000e+03
3.638000000000000000e+03
3.642000000000000000e+03
3.645000000000000000e+03
3.650000000000000000e+03
3.657000000000000000e+03
3.668000000000000000e+03
3.669000000000000000e+03
3.672000000000000000e+03
3.673000000000000000e+03
3.676000000000000000e+03
3.682000000000000000e+03
3.687000000000000000e+03
3.688000000000000000e+03
3.691000000000000000e+03
3.705000000000000000e+03
3.708000000000000000e+03
3.711000000000000000e+03
3.712000000000000000e+03
3.713000000000000000e+03
3.715000000000000000e+03
3.716000000000000000e+03
3.718000000000000000e+03
3.723000000000000000e+03
3.725000000000000000e+03
3.729000000000000000e+03
3.730000000000000000e+03
3.731000000000000000e+03
3.736000000000000000e+03
3.738000000000000000e+03
3.741000000000000000e+03
3.746000000000000000e+03
3.749000000000000000e+03
3.750000000000000000e+03
3.753000000000000000e+03
3.754000000000000000e+03
3.755000000000000000e+03
3.758000000000000000e+03
3.760000000000000000e+03
3.761000000000000000e+03
3.766000000000000000e+03
3.768000000000000000e+03
3.772000000000000000e+03
3.777000000000000000e+03
3.780000000000000000e+03
3.782000000000000000e+03
3.783000000000000000e+03
3.784000000000000000e+03
3.788000000000000000e+03
3.801000000000000000e+03
3.802000000000000000e+03
3.805000000000000000e+03
3.809000000000000000e+03
3.814000000000000000e+03
3.817000000000000000e+03
3.820000000000000000e+03
3.823000000000000000e+03
3.824000000000000000e+03
3.827000000000000000e+03
3.833000000000000000e+03
3.836000000000000000e+03
3.845000000000000000e+03
3.846000000000000000e+03
3.853000000000000000e+03
3.854000000000000000e+03
3.855000000000000000e+03
3.856000000000000000e+03
3.858000000000000000e+03
3.862000000000000000e+03
3.864000000000000000e+03
3.865000000000000000e+03
