   1.7600000e+01
   2.8800000e+01
   3.5200000e+01
   3.8000000e+01
   4.0400000e+01
   4.0800000e+01
   4.3200000e+01
   4.4800000e+01
   4.6000000e+01
   4.6800000e+01
   4.8400000e+01
   4.9600000e+01
   5.0400000e+01
   5.1200000e+01
   5.1600000e+01
   5.2000000e+01
   5.2800000e+01
   5.4000000e+01
   5.4400000e+01
   5.4800000e+01
   5.6000000e+01
   5.6000000e+01
   5.6000000e+01
   5.6400000e+01
   5.6800000e+01
   5.7200000e+01
   5.7600000e+01
   5.7600000e+01
   5.8400000e+01
   5.8800000e+01
   5.9600000e+01
   5.9600000e+01
   6.0400000e+01
   6.0800000e+01
   6.0800000e+01
   6.0800000e+01
   6.1600000e+01
   6.1600000e+01
   6.2000000e+01
   6.2800000e+01
   6.2800000e+01
   6.2800000e+01
   6.3200000e+01
   6.3200000e+01
   6.3600000e+01
   6.3600000e+01
   6.4800000e+01
   6.5200000e+01
   6.5200000e+01
   6.5200000e+01
   6.5600000e+01
   6.5600000e+01
   6.6000000e+01
   6.6000000e+01
   6.6000000e+01
   6.6400000e+01
   6.6400000e+01
   6.7200000e+01
   6.7200000e+01
   6.7200000e+01
   6.7600000e+01
   6.8000000e+01
   6.8000000e+01
   6.8000000e+01
   6.8400000e+01
   6.8400000e+01
   6.8400000e+01
   6.8400000e+01
   6.8400000e+01
   6.8400000e+01
   6.8800000e+01
   6.8800000e+01
   6.9600000e+01
   6.9600000e+01
   6.9600000e+01
   6.9600000e+01
   6.9600000e+01
   6.9600000e+01
   6.9600000e+01
   6.9600000e+01
   7.0000000e+01
   7.0000000e+01
   7.0000000e+01
   7.0000000e+01
   7.0000000e+01
   7.0400000e+01
   7.0400000e+01
   7.0400000e+01
   7.0800000e+01
   7.0800000e+01
   7.1200000e+01
   7.1600000e+01
   7.2000000e+01
   7.2400000e+01
   7.2400000e+01
   7.2400000e+01
   7.2400000e+01
   7.2400000e+01
   7.2400000e+01
   7.2400000e+01
